0
-1074765821
1517510664
-792821734
-2139553765
-1729388517
-2136694753
1048862756
1594073140
-2096988103
2012405826
-451289020
193462345
125149267
725016669
-2101198732
-559234927
1011400858
-2014232400
1192149181
-2027593538
-1766203194
-1029357367
-1029357366
-553582390
-1788772147
1514987731
-2085609260
-2085609259
1726693590
-2085609258
1639022819
-967311119
-1444519691
-858963719
-134070018
726876419
289792260
726876421
726876422
839966982
726876423
726876420
-772734708
2087084303
-1238474476
-1461231335
899997978
798155051
-2018926282
-1078083270
1091117373
-1931755201
1730707786
2094915918
2103664983
-1342987926
1499300232
-457916022
-1532903024
-278568557
-1532903021
2006565268
-441548375
-735870551
-1627831895
-1112849978
1679540681
1369711054
1713471952
-952671784
-1162788389
898359774
206430700
820666874
1490395664
-1484570085
-5905882
503964200
1678860845
1902199344
-1704779190
1162175059
-1640152490
-1931894184
-2092064149
940294780
-632192386
797115007
1233085061
966640264
809181835
-274382196
1698882195
-1257012575
1339982509
1701397170
-1083342154
364520140
1081696974
-1801207076
1797472992
-1157217568
1941168866
-884546836
-836648209
1413513967
-1869782283
-1178639624
1014940417
-1844362487
-96738547
1516561167
1706246931
-1125809374
-1974533340
-816282833
1195467570
1623556921
-328834242
-133897410
424461131
106226510
1383998289
366592850
1539801938
159867733
462242654
1271505758
2131026789
-941997210
-892214416
-2081504395
263127941
2097128355
-860159067
263676840
263676841
1080697770
263676842
-1181424724
215491497
263676844
263676845
263676846
263676847
263676843
-1928870989
159605691
455287756
764412878
-458538033
-141474864
-141474863
-141474862
-400784429
-141474860
-141474859
-141474858
-396319785
-141474857
-141474861
-1303510042
-943340568
-605690901
-943340565
-2003573775
-1238940673
-859134964
-584031216
1187824661
-1041202150
1688740893
-1553259486
-1776835544
844309549
-1035942854
-351099845
-817929158
-956341185
-801889210
1820173389
-1914133426
-1436122032
2044159061
-1545771945
46343270
-415964041
853419130
1680884860
1293247614
456565891
447816840
-1168980854
831997073
831997074
-43113324
524248214
1732625570
1769825449
1214514355
653395125
-1800510271
1182999752
709952714
-1581153078
-1581153077
1972864214
-1039547168
-2032163594
-1088199415
1270129929
-1333140189
-1841142489
-1224620744
736765258
1449846093
505464145
-393812655
-925145774
-294279853
-389348011
-1954822822
-2046991008
1705379170
1009452392
-1749056152
-110779015
-18217602
-308157054
-836377214
-829479548
-624089720
975496599
168314268
-499645027
1408214432
-244972106
333759936
-67476027
170010059
-1105639986
-1960032803
-1929312801
389383653
-575740439
279864816
-1948097036
-1948097034
-1948097033
1479427576
1479427577
1479427579
-177846784
244860419
1849198083
-1410652668
-492042745
35595784
1427228173
-1217329645
-2071239147
328959511
-603879909
-1814960612
669574687
1617774112
1357522474
-835828180
-215587274
624027195
1398744649
1908958802
1037608530
-736295331
429483619
1435510376
899974763
-1498913172
-561224084
-1257011601
-1299167628
368985733
-2139494778
1846560403
-770849130
-2137364838
650307257
1970382523
2102224578
-400849208
-266336559
1272096465
1272096466
1272096467
-1307040034
-773626133
1976182508
102958830
2093016822
953591543
1735804671
1781139204
-957806842
-1899280633
-1764923640
1078642441
568133385
568133386
1012557580
568133387
136775442
-1167292651
1932617498
1437198109
-1706350819
1231062819
176908083
1738556
2089125696
-972355759
2068260701
-732838050
-556677280
-542980248
1219954542
-2014435473
2026735473
1485195122
984721271
656361359
1154992037
-72865874
-1691449413
1907328959
-1775827004
860956617
1530791883
530302935
1689298910
-2114942999
491440112
58148849
1707304952
-1631565821
1039599622
-983308280
1019324437
1629595671
-2140469224
1149298721
575186990
-1983371208
518416443
-2144049082
192071754
1801422930
-1056192429
170043486
147998821
-115226503
517023888
1847863442
1295329429
-992016229
-2133768034
187828384
-1090033499
-570947418
295209131
1981524155
-1604106048
248490183
-1995093816
1193224394
510634199
-868693790
191351011
71493861
-714905366
-1643525906
-773748491
-19601158
765102330
870041850
-1590384383
-1558001399
1528121616
889719062
736233751
-166885096
36358422
-1342256870
1859873055
-432666331
1467124011
1270548782
1110059316
1078896970
-132167349
1901848909
-1749218973
-1658164889
-834713241
-591140496
-1600059021
1790208375
1000368505
1712089477
920250762
894421393
-1920734815
908061098
375253420
-511448657
-334075473
729770416
755550645
2126039479
1454369216
-1142724159
1226033608
1634126281
-1914697258
1663617495
-1231967782
-1001707039
-1033704984
1667844589
211552772
267168270
974801423
-288519664
-288519663
-288519661
1512606228
1100868119
-1745147364
2056923679
1471973924
-810759638
145279534
-1274205647
1192315451
1467992636
-942429637
-1493464514
-1831695807
-961426876
-1654175154
1203432016
-1598264738
1895017055
-1742460322
804063855
430574194
651700861
1011829379
219212421
-1996739957
-14628212
-2082043225
772901544
-847754582
-728397136
-2014713162
-165975360
-1045148990
-358339901
-138810682
1407814342
966355655
-1046762801
1278782160
1207921377
837782241
314313445
-2058294546
-1972450562
1068190464
1287924482
1345039110
2008926983
572181266
1501408025
-1337693412
-1380758750
-1969968346
-887125197
-34084042
-842970313
-163034311
1000737614
741452623
1805691728
-399742126
-395277482
-567104676
869665635
1264405351
-239260815
-706409612
1047497594
-940291188
-135648369
2137115540
-2058163305
-526898279
2089036713
-768275540
-1973163092
1631931330
278875077
-1689089077
467971022
-1444959275
1836239834
2048347099
745409516
745409517
745409518
-780956683
-505992201
-878875639
1015548959
-897217499
2132069424
-1633670093
669928501
-561927114
2048494650
1765649491
-1884599212
1555074136
-2140713892
584068195
-1089721244
-1901089691
286305381
-1370887069
-1450988442
2088979584
2065738908
736267422
1416498342
1751952559
257920205
-348975921
-392770352
-388305708
330271956
813370596
1710296294
1042877673
-1391571723
1323855105
166923533
-1518572269
-563688171
-451113706
2111434014
-783545024
-2095780535
-2113295026
-692318885
-80368276
604794222
-168006281
-1782723208
277433721
-636203649
1982287233
1827728772
-992277103
-1660580462
1471073681
-1512059498
193359260
1502776740
-1046688346
664702379
-1947513426
-222294597
2065739202
-2024829494
1203686862
-694751787
-339399205
-2025476639
-1685688856
-59290132
785927667
1687858681
-2056376829
-2009666040
-1869812204
228380188
1249005085
489623085
1248218670
597102135
1446080072
122523208
-518566322
2040073829
-344920472
1733168754
1709543032
52055675
654306956
-563982707
-233394546
-2114924912
2085916322
1592356534
-791179577
228495049
228495050
228495051
-1718153526
-1718153527
2107535067
522407652
1368698630
1519701766
313069324
1408921357
890973968
1460850451
-592179409
-850317503
1133629253
-1577145
310611786
-583487665
406966100
860868456
819482479
1539903345
-409899139
-2098434173
2041917316
-1991291001
801206163
-264228955
-7630938
-182906954
125194170
579448765
-1387728949
-845172777
-416927784
-1779421199
883085323
-1568444404
-806129634
1614606374
-1990840277
-630042577
620113982
1923493955
195825734
915304526
-1524199345
1303285842
2015080531
-809045930
-766283687
2027728988
-1035415456
-1612844952
-455946124
55480464
-376950635
1934536855
1055666349
-1404194642
-1918250831
-2053517126
-725241661
913215689
39031001
-86650659
480489713
-527683341
-848695052
-1883844354
-240938752
2032406817
2085703969
-1915080403
2084999473
1732694343
-318090931
-2045595285
-282955410
117576050
2014867834
-1099067014
1617383804
518762876
268210555
120050046
999829888
-1029377662
-1251479160
-1775808119
-644157039
205918623
-883150400
131510729
-7360045
-1248898604
-1775046175
-28208664
-1431203315
2011918868
1319940633
800477721
-1882353127
-1302474212
-1653681626
-78990804
-1294314964
677237294
1113362991
1941287478
-634047946
1983361611
1949446763
1003811443
966013567
2119725698
1598280334
1168159375
2110460560
-496487787
1859637911
-934448489
19313312
685126315
1215222445
1628631726
1326281410
842789575
987263690
611250914
20681445
-203967762
-1765846286
1420022516
231568122
296809213
2111517445
2049315603
-747613418
1005712156
1044017952
715371298
-1764563
21297
-1417850059
193450806
1053872951
-865619136
1592406862
1616302927
1109250902
-519015587
5862241
1645761389
-1045662850
159200132
-1034169465
315921313
1521857453
114529200
-260623425
-577506325
-1907117068
1888277494
-256666634
1191416825
-907545601
1812829194
-796412918
1935569940
-1039231977
2051232800
447804450
-1746324441
-391728088
-1101564877
1761334336
-1764928444
-1764928443
443855941
-1764928441
-192605112
1458885704
-53316534
744395862
2113811555
-190049171
616076398
1706030194
599012478
772617355
1387205772
-287812464
-251005806
-1278454629
-395397981
652498089
-1127377748
-1822034770
1535825076
1194505411
886830277
1712084195
-845933340
-958901020
-32049945
-57420557
1581593863
-87182072
-87182069
1135080717
-87182066
766842125
1668322582
-746244827
-1434397390
649721156
-1303210679
2059236682
2059236681
-496085684
856126796
1551373647
772740437
772740438
772740439
-1428228778
-1990339236
228259165
-1521355420
903230822
-1150356120
191387002
217953666
-902179453
-337488508
-1210141306
-786516600
1342625171
159774100
328684959
524588452
-430246481
314168755
-1210321483
-526871114
-259861042
210851285
1668290038
-565078534
-1324550661
-883354114
-885189112
-674949615
1668126232
1668126234
1668126235
491935260
-2001299935
-2023295442
-2005518796
-103172545
1941116481
243447361
-774482364
-1232087481
-478652840
980547164
-812460447
557069928
-1609648536
-1866115477
1799263851
565343860
1220769408
2088752773
-1908107641
1027946120
-206752105
-1160366440
1241101979
-685771103
2027533996
-953395537
763295411
1191589558
1579685559
532248248
-2100865323
1913231082
148297454
193410800
2111878898
131864328
-1690085622
-1256851688
1926330141
-1399564484
-28559549
-1814243501
-1280542886
1209743210
-1059080338
1161664368
1161664369
1161664370
-1814243468
2037782390
-256321674
225048439
1154463617
1571288972
37238676
295188380
-1886193756
-493463641
457701288
457701289
457701290
-1429596238
-1386874941
277632973
-1252075569
186996696
1122146280
-1077602323
1368389621
-125356031
1284544525
-662357985
-420497347
-1290332097
1802360898
-1937975223
-939255728
-939255727
-939255725
-513992612
1761384550
1380251754
-640255869
740645003
2008799375
-410339174
-734865252
1604999324
1707202723
1648277668
2087565482
-242861900
884037816
-1667901240
1133926601
751139031
1960392926
-280938258
-1154148100
-1140885248
-1220577022
1473149187
1279088918
-531490532
-200001247
-2118043354
2117237032
224287027
-1965622983
1880684859
950483261
-2112333504
-536028864
-178964159
129448264
-431384247
129448267
-1493599910
-1751221925
-515966628
-2105484959
-746792605
-2000422549
504363378
645257591
1015077248
542783874
423451022
1116445075
1861548436
-240952936
-1674692195
-221898331
-1586079306
1324472759
-1036150330
937490899
-409863713
-1055753749
461896186
898267646
332126725
276118026
963000846
2013674025
114547249
895056436
1148607035
-543180220
-1774806445
2024004192
434944609
-1742874009
-694879633
-1971725707
671971967
-1146307956
-1146307955
-1146307954
-850814321
1246665380
109288102
-409757011
538417839
287472304
-1596130635
1617492663
1229445818
-1557267781
1331051203
-166348093
648919756
1090616015
420748001
1146329829
-1696564505
1280310000
303504120
639949571
-2079933677
-1314727148
1236351767
519183138
887069480
391084843
-1047954641
620829489
244300600
-1433412803
-1666303167
-1063052475
1879251782
501586760
1489648460
1107655503
-1155433637
312957801
-1358611588
-646898812
-1887110261
-1825588331
818461590
-535045220
2098592668
993287091
-775341132
833207222
1696971703
-985310264
456743888
701586395
271850464
1659091941
-320316437
-1433666575
-937600014
-45933581
-644449263
-2020443115
-204014566
-31966178
1779670047
757652517
-1203905493
380984367
-33268677
279256124
-1450345397
-1588118453
-539952047
-1539793838
-651166637
-812180387
296189036
925826156
-1954415506
1184504954
-629908354
-1051018105
402537611
-1529635697
361381029
-1562452819
-965804877
1517124787
-1899168585
1633819836
1422752959
2084560064
1232100561
838622424
-1808851748
1803418858
625941740
719240433
-1710564103
-35963651
-1406886653
571227406
-1737671409
677862673
315718945
1714838825
-187081428
351837487
1662999863
-1727169219
791518530
1679211844
1735785826
-1006224023
-2146091665
-338018946
482999678
-17359480
-168895095
1568021899
-1433993841
1238498709
1904860579
-1555006040
-1475641940
232676783
-2073199163
-2135114288
941768153
-117793303
-1526456855
-1391673868
-463036939
-1104781825
1618738689
1701895685
259259917
2135735822
-884630000
-884629997
-1444463083
492486177
555269666
-866705880
632520232
-1598579145
255893058
-1167319485
-295911863
-1397014945
1407811168
442048121
-1082720644
-1128587635
-2001813870
-1103692142
-1908195672
-1874035032
-1874035030
-1874035029
-874226001
1759141555
-1491984717
1781849780
-1744978248
-1744978247
-1744978246
590888645
98270954
583466733
405028592
2116124401
-206758139
-1834942714
-1834975469
-287457505
656883496
509951788
226582337
72408913
-1615577261
653934424
-197337242
347864968
743554955
1063427979
1506172820
-760012908
-2141790311
2024013729
227876770
1694162856
1118855088
694099900
-1644118078
1129144267
1521246170
-369598489
165748717
-1023557651
448774128
